# sample file for loading hard-coded numbers into timelines
11323 23
11324 24
11325 25
11326 26
11327 27
11328 28
11329 29
11330 30
11331 31
11336 36
11338 38
11339 39
11340 40
11341 41
11342 42
11345 45
11347 47
11348 48
11352 52
11354 54
11356 56
11357 57
11358 58
11361 61
11362 62
11363 63
11364 64
11365 65
11366 66
11367 67
11368 68
11370 70
11372 72
11373 73
11374 74
11375 75
11376 76
11378 78
11379 79
11381 81
11383 83
11386 86
11387 87
11389 89
11390 90
11394 94
11395 95
11396 96
11397 97
11398 98
11399 99
11400 00
11401 01
11402 02
11403 03
11404 04
11412 12
11413 13
11414 14
11415 15
11416 16
11417 17
11418 18
11419 19
11420 20
11421 21
11422 22
11423 23
11429 29
11430 30
11432 32
11433 33
11434 34
11435 35
11436 36
11437 37
11438 38
11439 39
11440 40
11441 41
11442 42
11443 43
11444 44
11445 45
11446 46
11447 47
11449 49
11450 50
11451 51
11458 58
11460 60
11462 62
11463 63
11465 65
11466 66
11467 67
11468 68
11469 69
11470 70
11471 71
11472 72
11473 73
11474 74
11475 75
11476 76
11477 77
11479 79
11480 80
11481 81
11483 83
11484 84
11485 85
11486 86
11487 87
11490 90
11491 91
11492 92
11493 93
11494 94
11495 95
11496 96
11497 97
11498 98
11499 99
11501 01
11502 02
11504 04
11505 05
11506 06
11507 07
11508 08
11509 09
11510 10
11511 11
11512 12
11513 13
11514 14
11515 15
11516 16
11517 17
11518 18
11519 19
11521 21
11522 22
11524 24
11525 25
11528 28
11529 29
11530 30
11531 31
11532 32
11533 33
11534 34
11535 35
11536 36
11537 37
11538 38
11539 39
11540 40
11541 41
11544 44
11545 45
11546 46
11548 48
11550 50
11553 53
11554 54
11556 56
11557 57
11560 60
11561 61
11562 62
11563 63
11564 64
11565 65
11566 66
11567 67
11568 68
11569 69
11570 70
11571 71
